data,stato,ricoverati_con_sintomi,terapia_intensiva,totale_ospedalizzati,isolamento_domiciliare,totale_attualmente_positivi,nuovi_attualmente_positivi,dimessi_guariti,deceduti,totale_casi,tamponi,note_it,note_en
2020-02-24 18:00:00,ITA,101,26,127,94,221,221,1,7,229,4324
2020-02-25 18:00:00,ITA,114,35,150,162,311,90,1,10,322,8623
2020-02-26 18:00:00,ITA,128,36,164,221,385,74,3,12,400,9587
2020-02-27 18:00:00,ITA,248,56,304,284,588,203,45,17,650,12014
2020-02-28 18:00:00,ITA,345,64,409,412,821,233,46,21,888,15695
2020-02-29 18:00:00,ITA,401,105,506,543,1049,228,50,29,1128,18661
2020-03-01 18:00:00,ITA,639,140,779,798,1577,528,83,34,1694,21127
2020-03-02 18:00:00,ITA,742,166,908,927,1835,258,149,52,2036,23345
2020-03-03 18:00:00,ITA,1034,229,1263,1000,2263,428,160,79,2502,25856
2020-03-04 18:00:00,ITA,1346,295,1641,1065,2706,443,276,107,3089,29837
2020-03-05 18:00:00,ITA,1790,351,2141,1155,3296,590,414,148,3858,32362
2020-03-06 18:00:00,ITA,2394,462,2856,1060,3916,620,523,197,4636,36359
2020-03-07 18:00:00,ITA,2651,567,3218,1843,5061,1145,589,233,5883,42062
2020-03-08 18:00:00,ITA,3557,650,4207,2180,6387,1326,622,366,7375,49937
2020-03-09 18:00:00,ITA,4316,733,5049,2936,7985,1598,724,463,9172,53826
2020-03-10 18:00:00,ITA,5038,877,5915,2599,8514,529,1004,631,10149,60761
2020-03-11 17:00:00,ITA,5838,1028,6866,3724,10590,2076,1045,827,12462,73154
2020-03-12 17:00:00,ITA,6650,1153,7803,5036,12839,2249,1258,1016,15113,86011
2020-03-13 17:00:00,ITA,7426,1328,8754,6201,14955,2116,1439,1266,17660,97488
2020-03-14 17:00:00,ITA,8372,1518,9890,7860,17750,2795,1966,1441,21157,109170
2020-03-15 17:00:00,ITA,9663,1672,11335,9268,20603,2853,2335,1809,24747,124899
2020-03-16 17:00:00,ITA,11025,1851,12876,10197,23073,2470,2749,2158,27980,137962
2020-03-17 17:00:00,ITA,12894,2060,14954,11108,26062,2989,2941,2503,31506,148657
2020-03-18 17:00:00,ITA,14363,2257,16620,12090,28710,2648,4025,2978,35713,165541
2020-03-19 17:00:00,ITA,15757,2498,18255,14935,33190,4480,4440,3405,41035,182777
2020-03-20 17:00:00,ITA,16020,2655,18675,19185,37860,4670,5129,4032,47021,206886
2020-03-21 17:00:00,ITA,17708,2857,20565,22116,42681,4821,6072,4825,53578,233222
2020-03-22 17:00:00,ITA,19846,3009,22855,23783,46638,3957,7024,5476,59138,258402
2020-03-23 17:00:00,ITA,20692,3204,23896,26522,50418,3780,7432,6077,63927,275468
2020-03-24 17:00:00,ITA,21937,3396,25333,28697,54030,3612,8326,6820,69176,296964
2020-03-25 17:00:00,ITA,23112,3489,26601,30920,57521,3491,9362,7503,74386,324445
2020-03-26 17:00:00,ITA,24753,3612,28365,33648,62013,4492,10361,8165,80539,361060
2020-03-27 17:00:00,ITA,26029,3732,29761,36653,66414,4401,10950,9134,86498,394079
2020-03-28 17:00:00,ITA,26676,3856,30532,39533,70065,3651,12384,10023,92472,429526
2020-03-29 17:00:00,ITA,27386,3906,31292,42588,73880,3815,13030,10779,97689,454030
2020-03-30 17:00:00,ITA,27795,3981,31776,43752,75528,1648,14620,11591,101739,477359
2020-03-31 17:00:00,ITA,28192,4023,32215,45420,77635,2107,4053,12428,105792,506968
2020-04-01 17:00:00,ITA,28403,4035,32438,48134,80572,2937,4782,13155,110574,541423
2020-04-02 17:00:00,ITA,28540,4053,32593,50456,83049,2477,4668,13915,115242,581232
2020-04-03 17:00:00,ITA,28741,4068,32809,52579,85388,2339,4585,14681,119827,619849
2020-04-04 17:00:00,ITA,29010,3994,33004,55270,88274,2886,4805,15362,124632,657224
2020-04-05 17:00:00,ITA,28949,3977,32926,58320,91246,2972,4316,15887,128948,691461
